-0.00306
-0.00354
-0.00387
-0.00442
-0.00514
-0.0039
-0.00492
-0.00613
-0.00703
-0.00681
-0.00795
-0.008
-0.0083
-0.00967
-0.00849
-0.03139
-0.33373
-0.60703
-0.57224
-0.57224
-0.57224
-0.57224
-0.57224
-0.57224
-0.57224
-0.57224
-0.57405
-0.57326
-0.57248
-0.57235
-0.57048
-0.5701
-0.56588
-0.5471
-0.52343
-0.52343
-0.46695
-0.29831
-0.1716
-0.05119
0.06647
0.18112
0.28605
0.37998
0.45968
0.52598
0.58433
0.63953
0.68795
0.73059
0.77203
0.80934
0.84591
0.87929
0.91034
0.9395
0.96851
0.99889
1.02621
1.05296
1.07859
1.10417
1.13264
1.15766
1.18195
1.20649
1.22915
1.2524
1.27545
1.2998
1.32373
1.34704
1.37031
1.39355
1.41661
1.43798
1.46003
1.48269
1.50532
1.52664
1.54662
1.56726
1.58918
1.61121
1.6316
1.65168
1.67238
1.69196
1.71339
1.73207
1.7517
1.77546
1.79537
1.81515
1.83243
1.85085
1.87124
1.88949
1.90981
1.92815
1.94736
1.96618
1.99679
1.99679
2.02168
2.04482
2.06281
2.08431
2.10275
2.11987
2.138
2.15843
2.17618
2.19439
2.21214
2.22929
2.24732
2.26561
2.28354
2.30108
2.31862
2.33577
2.35351
2.37212
2.38871
2.40649
2.42373
2.441
2.45761
2.47333
2.49083
2.50914
2.52599
2.54232
2.5582
2.57534
2.59224
2.60796
2.62663
2.64239
2.65925
2.67526
2.69129
2.70767
2.72323
2.73933
2.75548
2.77166
2.7883
2.80485
2.81975
2.83655
2.85269
2.86895
2.8838
2.89881
2.91449
2.93071
2.94701
2.96322
2.97705
2.99216
3.0091
3.02422
3.03985
3.0539
3.06961
3.08421
3.09864
3.11394
3.12835
3.14258
3.15715
3.17243
3.18962
3.20318
3.21786
3.23194
3.25733
3.27518
3.27518
3.29321
3.31069
3.32985
3.34731
3.34731
3.36418
3.38135
3.40026
3.41953
3.43689
3.43689
3.45572
3.47406
3.49293
3.51098
3.51098
3.52835
3.54531
3.56521
3.58222
3.58222
3.59717
3.61542
3.63572
3.65106
3.66438
3.67878
3.69282
3.70918
3.72166
3.73719
3.75175
3.75175
3.76949
3.78638
3.80117
3.81641
3.83024
3.84427
3.85882
3.87273
3.88594
3.90021
3.91422
3.93002
3.94268
3.95584
3.97062
3.98461
3.99888
3.99888
4.01803
4.03496
4.05187
4.07027
4.08446
4.09696
4.11031
4.12391
4.13807
4.15065
4.16422
4.17826
4.19212
4.20615
4.21964
4.23356
4.24804
4.26196
4.27681
4.29083
4.30398
4.31742
4.33089
4.34498
4.35927
4.37263
4.38683
4.40173
4.41535
4.42913
4.44208
4.45577
4.4704
4.48344
4.4979
4.51171
4.52406
4.53844
4.55245
4.5661
4.57895
4.592
4.60434
4.61902
4.63326
4.647
4.65996
4.67274
4.68745
4.70124
4.716
4.7296
4.74266
4.75609
4.76985
4.78375
4.79778
4.81187
4.82559
4.83883
4.8532
4.86855
4.88133
4.89358
4.90661
4.92137
4.93537
4.94989
4.96393
4.97645
4.9904
5.00425
5.01732
5.03066
5.04428
5.05641
5.07066
5.08479
5.0983
5.11178
5.12484
5.13776
5.15152
5.16586
5.17883
5.19297
5.20687
5.21935
5.23222
5.24711
5.26083
5.27438
5.28889
5.30186
5.31419
5.32715
5.34203
5.35583
5.36813
5.38272
5.39566
5.40907
5.42298
5.43598
5.44778
5.46332
5.47666
5.48988
5.5024
5.51557
5.52858
5.54164
5.55778
5.57238
5.58367
5.59491
5.60885
5.62324
5.63658
5.65027
5.6642
5.6769
5.68915
5.70309
5.71776
5.72971
5.74371
5.75734
5.77487
5.77487
5.79034
5.80943
5.8269
5.84383
5.85682
5.86891
5.8812
5.89406
5.90787
5.92331
5.93755
5.95087
5.9638
5.97501
5.98866
6.00333
6.01739
6.03221
6.03221
6.04787
6.06283
6.07959
6.0964
6.0964
6.11959
6.13952
6.1547
6.1547
6.17179
6.18772
6.20304
6.22138
6.22138
6.23968
6.25766
6.27661
6.27661
6.29513
6.31246
6.32765
6.34354
6.34354
6.3635
6.38456
6.40269
6.40269
6.42064
6.43529
6.45126
6.45126
6.47167
6.49196
6.51044
6.52732
6.52732
6.54185
6.56113
6.57932
6.57932
6.60007
6.61966
6.6364
6.65409
6.65409
6.66995
6.6889
6.70596
6.72248
6.73854
6.73854
6.75431
6.77154
6.78925
6.80937
6.80937
6.83698
6.85777
6.87206
6.87206
6.88704
6.90284
6.92046
6.93766
6.95455
6.96754
6.98022
6.99598
6.99598
7.01695
7.03647
7.0566
7.07268
7.07268
7.10098
7.11721
7.11721
7.13616
7.15133
7.17028
7.18646
7.20476
7.22084
7.22084
7.24159
7.2621
7.28615
7.28615
7.30985
7.32583
7.34059
7.34059
7.36786
7.38791
7.40663
7.42463
7.44117
7.44117
7.45468
7.47792
7.49684
7.52093
7.52093
7.5378
7.55559
7.57415
7.59397
7.6133
7.63023
7.64602
7.66183
7.67452
7.69158
7.70867
7.7257
7.74335
7.76117
7.77672
7.79236
7.81163
7.83054
7.84768
7.86612
7.8829
7.89845
7.91525
7.93314
7.95163
7.95163
7.97678
7.99893
8.02186
8.04203
8.06105
8.0809
8.0809
8.10447
8.12713
8.1457
8.1622
8.18235
8.19923
8.21654
8.23677
8.255
8.2727
8.29281
8.31267
8.33249
8.35312
8.37395
8.39582
8.41631
8.43639
8.45588
8.4768
8.497
8.51686
8.53713
8.55774
8.5798
8.6005
8.62293
8.64555
8.66604
8.68528
8.7077
8.73007
8.75092
8.77414
8.7957
8.81562
8.83707
8.86234
8.88489
8.90879
8.93186
8.95277
8.97462
8.99835
9.023
9.04786
9.07173
9.09694
9.11955
9.14358
9.16862
9.19348
9.21891
9.24542
9.26933
9.2955
9.32228
9.34866
9.37677
9.40396
9.42774
9.4544
9.48346
9.50997
9.5384
9.56831
9.59546
9.6253
9.65396
9.68306
9.71385
9.74468
9.77496
9.80417
9.83499
9.86698
9.89829
9.93372
9.9665
9.99602
10.02986
10.06299
10.09569
10.13256
10.16614
10.2007
10.23703
10.23703
10.27438
10.34558
10.39596
10.44054
10.48046
10.51827
10.55767
10.59822
10.59822
10.64096
10.68407
10.72783
10.77069
10.81485
10.85889
10.90253
10.94947
10.99634
11.04676
11.09569
11.19773
11.19773
11.24883
11.30403
11.3604
11.41633
11.47381
11.5336
11.59328
11.65629
11.71989
11.78428
11.8519
11.91989
11.99089
12.0624
12.13866
12.2158
12.29384
12.37625
12.45771
12.5456
12.63304
12.72713
12.8211
12.91834
13.0184
13.12265
13.23145
13.34408
13.45744
13.57709
13.70331
13.83097
13.96595
14.10637
14.40338
14.58337
14.58337
14.75174
14.92859
15.10546
15.35044
15.60189
15.60189
15.85633
16.10459
16.32957
16.58012
16.84264
17.09959
17.36927
17.6523
17.94926
18.25874
18.58319
18.92039
19.26882
19.62879
20.02234
20.40444
20.79471
21.20596
21.63133
22.07206
22.51666
22.96432
23.43041
23.90518
24.3862
24.90124
25.38472
25.88785
26.41592
27.27614