0.00024
0.00278
-0.00579
0.0033
-0.01245
0.00545
-0.00541
0.0049
0.00468
-0.01086
-0.00897
0.00231
0.00747
-0.00254
-0.00197
-0.0666
-0.11903
-0.04147
-0.0437
-0.0437
-0.0437
-0.0437
-0.0437
-0.0437
-0.0437
-0.0437
-0.0499
-0.05975
-0.05994
-0.07478
-0.07473
-0.08869
-0.09229
-0.07072
-0.04315
-0.04315
-0.03326
-0.03211
-0.02569
-0.0266
-0.0391
-0.04287
-0.03686
-0.03868
-0.04242
-0.03904
-0.05466
-0.03197
-0.04064
-0.04343
-0.05784
-0.05825
-0.05318
-0.05106
-0.05061
-0.06277
-0.05847
-0.06096
-0.06657
-0.06792
-0.07474
-0.06395
-0.06834
-0.07814
-0.07396
-0.07845
-0.08423
-0.07333
-0.08471
-0.07962
-0.09939
-0.08787
-0.08696
-0.0863
-0.10845
-0.11028
-0.09258
-0.1064
-0.1083
-0.12041
-0.12326
-0.11213
-0.11593
-0.10942
-0.12166
-0.12342
-0.1288
-0.12579
-0.12934
-0.12592
-0.13198
-0.14555
-0.13912
-0.13225
-0.13101
-0.15081
-0.16569
-0.15467
-0.16097
-0.16272
-0.15592
-0.16487
-0.16493
-0.16493
-0.17367
-0.16431
-0.16649
-0.17496
-0.18087
-0.18005
-0.18101
-0.17571
-0.19706
-0.19153
-0.19076
-0.19229
-0.20118
-0.19734
-0.20685
-0.19551
-0.2087
-0.21737
-0.20752
-0.2079
-0.21786
-0.21776
-0.23304
-0.21436
-0.22535
-0.22708
-0.22093
-0.2409
-0.22631
-0.2408
-0.23852
-0.23067
-0.24832
-0.26023
-0.26228
-0.25376
-0.24348
-0.25524
-0.25619
-0.2666
-0.26622
-0.2746
-0.27702
-0.27724
-0.26997
-0.26866
-0.28596
-0.26421
-0.29562
-0.28886
-0.2943
-0.28719
-0.29574
-0.29739
-0.2932
-0.3064
-0.29697
-0.31535
-0.30918
-0.32238
-0.33344
-0.33333
-0.31957
-0.31534
-0.32799
-0.33593
-0.32405
-0.337
-0.35271
-0.34569
-0.33667
-0.34009
-0.34119
-0.34662
-0.34544
-0.3429
-0.3429
-0.34978
-0.35784
-0.35853
-0.35698
-0.35698
-0.37584
-0.37582
-0.36271
-0.36751
-0.37692
-0.37692
-0.364
-0.36475
-0.38777
-0.39406
-0.39406
-0.38761
-0.38945
-0.38447
-0.40602
-0.40602
-0.4059
-0.41261
-0.40566
-0.41085
-0.39995
-0.4205
-0.41448
-0.41226
-0.43073
-0.42411
-0.43026
-0.43026
-0.4393
-0.42871
-0.4339
-0.43625
-0.43614
-0.43482
-0.43058
-0.43313
-0.44892
-0.44038
-0.45901
-0.44353
-0.44868
-0.45824
-0.4651
-0.45689
-0.45763
-0.45763
-0.47027
-0.47335
-0.48304
-0.4784
-0.47597
-0.47303
-0.48676
-0.49169
-0.4961
-0.49715
-0.49649
-0.50462
-0.50005
-0.50574
-0.5072
-0.50622
-0.50779
-0.51293
-0.50725
-0.52219
-0.5155
-0.53185
-0.529
-0.53651
-0.53227
-0.54647
-0.52628
-0.55099
-0.54433
-0.54702
-0.54442
-0.54239
-0.55241
-0.56358
-0.56165
-0.57573
-0.55904
-0.56177
-0.56902
-0.56618
-0.57025
-0.57208
-0.59687
-0.58417
-0.57537
-0.58524
-0.59423
-0.58528
-0.59165
-0.60217
-0.59266
-0.59711
-0.59875
-0.59856
-0.59985
-0.60295
-0.61514
-0.61921
-0.60943
-0.63576
-0.61945
-0.62566
-0.62038
-0.63672
-0.63512
-0.64545
-0.63429
-0.65156
-0.64647
-0.63352
-0.63513
-0.64448
-0.65106
-0.65078
-0.65347
-0.65588
-0.66237
-0.65656
-0.66988
-0.66642
-0.67296
-0.66965
-0.68296
-0.68418
-0.67206
-0.67769
-0.67256
-0.6887
-0.6879
-0.68324
-0.69817
-0.68497
-0.68184
-0.71377
-0.69847
-0.69567
-0.69478
-0.69329
-0.70521
-0.71641
-0.71635
-0.70893
-0.71577
-0.72213
-0.71804
-0.72525
-0.73561
-0.72073
-0.73383
-0.72245
-0.74533
-0.74162
-0.75257
-0.74725
-0.76524
-0.76129
-0.75371
-0.75924
-0.75952
-0.76684
-0.76259
-0.7724
-0.76792
-0.77094
-0.7768
-0.78142
-0.77888
-0.78499
-0.79182
-0.79182
-0.78879
-0.79779
-0.78869
-0.80855
-0.80366
-0.80529
-0.80463
-0.80516
-0.81762
-0.81245
-0.81329
-0.82179
-0.8158
-0.82156
-0.82266
-0.8254
-0.8132
-0.8296
-0.8296
-0.83806
-0.82695
-0.84999
-0.86056
-0.86056
-0.85673
-0.86093
-0.86853
-0.86853
-0.86751
-0.87015
-0.86424
-0.89203
-0.89203
-0.8788
-0.88695
-0.8948
-0.8948
-0.89704
-0.89273
-0.89717
-0.91743
-0.91743
-0.89833
-0.91772
-0.9112
-0.9112
-0.91667
-0.9305
-0.93242
-0.93242
-0.93598
-0.92956
-0.93754
-0.93599
-0.93599
-0.95325
-0.94429
-0.94704
-0.94704
-0.95694
-0.96619
-0.97223
-0.9801
-0.9801
-0.97226
-0.98914
-0.99209
-0.98712
-0.9947
-0.9947
-0.99021
-0.99521
-0.99375
-1.01063
-1.01063
-1.00219
-1.0119
-1.01343
-1.01343
-1.00404
-1.02763
-1.03285
-1.03629
-1.03385
-1.03558
-1.03805
-1.03486
-1.03486
-1.05149
-1.05198
-1.05695
-1.06482
-1.06482
-1.06426
-1.07676
-1.07676
-1.0754
-1.08021
-1.08169
-1.09129
-1.10265
-1.09219
-1.09219
-1.08613
-1.08664
-1.10731
-1.10731
-1.1128
-1.11812
-1.1236
-1.1236
-1.11667
-1.11536
-1.13694
-1.12348
-1.13706
-1.13706
-1.1371
-1.1424
-1.14366
-1.15148
-1.15148
-1.17276
-1.1569
-1.16425
-1.16779
-1.16225
-1.172
-1.19295
-1.18724
-1.19186
-1.17992
-1.19536
-1.19133
-1.18921
-1.21212
-1.20381
-1.22508
-1.2178
-1.21778
-1.22482
-1.22654
-1.23388
-1.22239
-1.2388
-1.26236
-1.24558
-1.24558
-1.24954
-1.25069
-1.2562
-1.26085
-1.27494
-1.26518
-1.26518
-1.28591
-1.29595
-1.28011
-1.30488
-1.29158
-1.30939
-1.30665
-1.31245
-1.31413
-1.31618
-1.32152
-1.33997
-1.33462
-1.34473
-1.34637
-1.36204
-1.35714
-1.35871
-1.35402
-1.35621
-1.36989
-1.38079
-1.37839
-1.3755
-1.36838
-1.39689
-1.3949
-1.40801
-1.39714
-1.4149
-1.41443
-1.42091
-1.4333
-1.43467
-1.44084
-1.4425
-1.445
-1.45781
-1.45723
-1.46761
-1.46794
-1.47393
-1.48042
-1.47304
-1.46967
-1.48796
-1.50265
-1.49478
-1.51187
-1.50423
-1.51774
-1.51504
-1.52941
-1.52922
-1.54114
-1.55619
-1.55965
-1.55415
-1.53488
-1.56293
-1.58177
-1.57582
-1.5875
-1.61046
-1.59897
-1.59087
-1.60361
-1.61065
-1.62598
-1.63808
-1.64134
-1.64321
-1.64754
-1.65489
-1.65447
-1.66119
-1.67682
-1.67284
-1.67693
-1.69624
-1.70459
-1.72213
-1.70731
-1.7208
-1.72953
-1.72427
-1.7524
-1.7524
-1.74295
-1.75639
-1.76975
-1.78214
-1.79022
-1.79373
-1.79471
-1.80603
-1.80603
-1.81319
-1.82975
-1.81742
-1.83144
-1.84723
-1.84947
-1.86189
-1.84952
-1.8613
-1.86456
-1.85965
-1.87896
-1.87896
-1.88241
-1.8862
-1.89487
-1.89008
-1.89136
-1.88989
-1.89377
-1.90841
-1.89268
-1.89142
-1.89161
-1.88824
-1.90204
-1.88724
-1.89235
-1.90327
-1.88566
-1.89689
-1.88359
-1.88721
-1.8645
-1.87732
-1.87411
-1.8824
-1.88069
-1.87906
-1.88829
-1.91195
-1.91028
-1.92329
-1.95863
-1.95628
-1.99031
-2.01043
-2.08285
-2.08919
-2.08919
-2.12275
-2.15972
-2.19224
-2.22842
-2.28659
-2.28659
-2.34478
-2.39386
-2.45151
-2.51796
-2.5937
-2.67018
-2.75116
-2.80766
-2.92349
-3.0044
-3.11024
-3.2286
-3.34343
-3.47043
-3.60476
-3.7664
-3.92133
-4.08971
-4.26712
-4.41489
-4.56648
-4.73255
-4.87959
-5.03659
-5.21983
-5.37708
-5.54214
-5.71905
-5.91289
-6.20059