-0.63
-2.1617
-0.90169
-1.5317
-1.92151
-0.96075
-0.87019
-0.87019
-1.41357
-1.26001
-1.17338
-1.11038
-1.95301
0.48037
-2.46489
0.09056
3.93352
101.77762
121.26342
121.26342
121.26342
121.26342
121.26342
121.26342
121.26342
121.26342
119.85085
119.42983
120.53943
124.86364
126.9962
130.89927
134.82978
155.0318
171.14846
171.14846
211.08561
319.00964
407.83741
496.62286
590.1277
690.46839
792.37828
894.68474
997.54143
1098.79571
1201.88725
1303.07937
1401.72684
1495.02753
1590.91667
1673.98701
1760.16057
1844.22375
1921.23813
2000.55503
2077.11383
2159.09958
2233.209
2307.33824
2379.90542
2455.87677
2542.92264
2615.02729
2686.4115
2757.96407
2826.11869
2895.42076
2968.69651
3045.34558
3119.82141
3192.02805
3267.55833
3343.04638
3417.493
3489.55694
3562.38623
3638.03503
3718.24598
3788.51197
3857.20427
3933.10513
4007.13762
4080.65971
4150.74357
4225.66171
4299.84175
4373.36596
4444.52358
4513.87111
4587.25496
4671.26958
4746.23756
4815.89642
4882.50218
4951.63816
5024.55068
5096.87485
5170.51429
5243.00211
5314.61099
5389.58127
5505.77578
5505.77578
5604.01674
5689.91249
5761.6137
5842.8137
5913.2322
5982.26793
6054.14397
6132.0142
6208.20518
6277.35845
6346.88593
6420.59486
6494.1776
6570.60719
6640.86086
6711.10144
6786.21994
6859.36214
6935.12303
7004.85042
7077.22058
7151.17155
7224.72364
7300.84285
7372.05841
7440.98873
7514.76188
7588.62457
7663.31925
7736.60549
7805.57568
7878.55935
7952.79834
8026.58801
8099.71985
8167.92723
8240.63839
8315.15341
8386.06446
8459.50189
8527.34428
8600.2429
8674.74288
8746.1783
8821.19998
8892.15934
8964.42262
9038.4078
9112.16193
9187.73737
9257.82016
9326.03502
9399.33523
9470.70628
9545.36109
9617.35971
9686.18123
9760.50675
9834.2031
9907.94688
9983.03811
10051.48286
10124.01689
10198.1802
10272.20619
10345.33138
10412.91774
10485.58374
10559.91452
10630.77906
10706.15686
10777.88149
10850.17127
10923.36937
11047.99624
11131.09927
11131.09927
11218.87889
11306.49093
11394.35957
11479.10007
11479.10007
11560.17949
11650.24537
11741.23218
11832.33221
11919.61753
11919.61753
12008.74961
12101.68626
12199.28216
12285.00847
12285.00847
12371.1896
12463.8694
12561.41321
12646.48263
12646.48263
12722.48186
12809.92674
12916.36896
12990.49914
13056.2628
13129.19684
13201.1597
13285.31493
13356.90722
13429.62972
13506.1962
13506.1962
13598.55067
13686.10981
13764.08787
13845.52624
13916.65587
13987.65719
14061.10111
14132.3559
14209.49728
14283.14713
14354.54027
14425.58498
14497.74474
14572.08653
14644.60986
14717.6802
14795.50318
14795.50318
14893.26021
14980.79932
15074.26185
15164.46101
15233.59438
15298.75877
15371.76371
15441.12185
15516.85588
15584.83273
15656.43819
15732.55945
15803.85647
15881.04656
15948.03363
16021.37005
16097.13389
16172.91503
16249.16789
16321.83676
16390.25805
16461.6046
16529.83697
16605.75907
16679.29897
16751.56697
16825.82538
16903.36119
16974.35189
17048.58568
17113.40282
17182.1913
17256.55919
17331.07514
17412.7258
17481.42203
17546.69573
17622.33821
17696.46555
17768.03425
17840.15053
17909.79939
17983.21546
18057.01376
18132.50881
18205.16281
18273.1866
18344.38131
18421.05914
18496.5437
18571.67827
18644.73386
18714.71625
18788.57759
18859.7084
18935.61339
19011.40436
19082.64846
19159.95153
19235.19349
19310.59796
19384.99258
19457.90135
19525.94063
19596.39962
19673.82884
19744.76405
19823.89605
19895.31707
19965.08819
20041.83829
20117.47043
20185.06403
20260.52749
20332.04071
20398.65767
20477.31484
20552.3363
20627.58852
20700.87281
20769.92933
20839.9074
20918.57986
20991.89667
21063.47382
21137.96278
21208.37204
21278.97109
21350.96288
21427.36898
21505.11602
21579.33481
21659.0265
21730.16341
21792.00377
21865.12244
21939.69144
22010.87647
22086.09561
22165.3973
22234.56144
22307.22281
22383.61644
22453.03871
22521.4591
22594.87599
22668.93123
22741.66419
22815.14004
22886.75033
22956.9175
23030.23126
23111.22836
23184.66559
23252.37457
23318.37219
23391.08257
23466.19457
23539.27436
23610.79183
23685.93433
23758.2193
23827.04992
23903.06681
23975.92612
24043.53515
24119.24512
24194.75772
24282.28428
24282.28428
24373.52834
24469.39891
24566.63215
24660.72869
24729.75099
24787.13467
24853.59808
24927.07473
25002.45531
25086.39062
25161.075
25231.61361
25294.35873
25362.63496
25439.50074
25514.34555
25590.20293
25674.0942
25674.0942
25758.11443
25837.35783
25932.65834
26019.82483
26019.82483
26141.59093
26248.50381
26333.99621
26333.99621
26419.61764
26499.79055
26583.17736
26685.02493
26685.02493
26777.08928
26870.86666
26971.66702
26971.66702
27072.65219
27161.90348
27244.389
27332.65486
27332.65486
27440.58147
27547.13732
27644.08974
27644.08974
27727.9191
27804.89222
27891.81574
27891.81574
28005.90639
28104.60367
28204.43564
28286.86266
28286.86266
28365.5597
28458.47626
28548.65645
28548.65645
28660.53598
28758.13146
28842.97661
28933.77124
28933.77124
29018.5562
29111.25892
29201.505
29287.67238
29365.81819
29365.81819
29449.29498
29530.28186
29619.88874
29716.20097
29716.20097
29865.57268
29971.84698
30043.03033
30043.03033
30115.61736
30196.56857
30286.90703
30376.38912
30456.05239
30518.52745
30582.73999
30654.01989
30654.01989
30762.11648
30857.0337
30956.46232
31034.9283
31034.9283
31169.6367
31253.43977
31253.43977
31339.39408
31417.03176
31502.55608
31585.16096
31670.25865
31745.96949
31745.96949
31841.50844
31938.57497
32058.69118
32058.69118
32168.10143
32236.24696
32305.50187
32305.50187
32436.70155
32526.85634
32614.39469
32697.22748
32771.53768
32771.53768
32833.82054
32940.20695
33026.98594
33138.25036
33138.25036
33218.3545
33299.61598
33378.89577
33469.13357
33559.86225
33632.48183
33700.26338
33767.77817
33830.78927
33906.56785
33984.91574
34053.11495
34126.34707
34201.08824
34268.12207
34339.13885
34423.04826
34500.31238
34576.60316
34652.99929
34717.33066
34776.72383
34853.02309
34929.41575
35005.19545
35005.19545
35104.8184
35195.60167
35287.60774
35371.80047
35452.8564
35524.95877
35524.95877
35624.01882
35713.78157
35780.7442
35852.88332
35925.47516
35991.94119
36064.70353
36143.41907
36210.86275
36276.55422
36356.64724
36427.65014
36496.52781
36575.81083
36652.24502
36731.74131
36809.11587
36878.06449
36946.71543
37019.16662
37093.56552
37169.9192
37237.41974
37307.6034
37378.62277
37451.59722
37531.03025
37608.69819
37672.93044
37736.85511
37815.53535
37889.79443
37960.37065
38040.47602
38107.81695
38168.03708
38240.4548
38321.31079
38396.19224
38475.73323
38543.18376
38604.21202
38674.47793
38750.17732
38825.97066
38902.24138
38975.14723
39046.9937
39115.07186
39183.61073
39259.9427
39331.35171
39405.54249
39479.44227
39544.51553
39617.0312
39695.06772
39767.36556
39844.45667
39914.55331
39976.9921
40052.36034
40129.74325
40199.07264
40275.8678
40348.834
40410.10169
40489.15654
40563.98698
40632.57435
40705.95972
40780.20865
40847.08872
40915.20873
40990.48638
41066.31002
41137.86072
41216.21072
41285.90823
41349.34262
41423.57208
41495.53054
41569.53889
41649.21609
41711.37366
41779.64653
41857.61234
41857.61234
41932.44172
42076.74557
42177.72193
42249.34951
42312.49631
42380.55529
42452.3449
42523.01686
42523.01686
42598.29992
42676.87533
42749.8006
42817.12313
42891.48064
42954.46075
43025.68926
43103.98408
43169.59407
43249.27635
43315.50642
43458.43903
43458.43903
43528.19799
43607.03769
43674.04227
43743.15188
43816.13937
43886.62467
43963.04174
44033.75473
44100.31414
44171.58622
44245.39801
44316.41808
44394.98581
44454.43667
44533.65119
44599.0719
44672.1288
44739.34139
44806.69177
44877.42531
44948.71877
45024.24131
45083.4334
45154.88073
45223.07375
45293.4216
45360.08839
45429.67692
45499.40827
45565.44541
45629.73254
45701.42211
45763.74157
45836.76659
45963.05113
46042.33763
46042.33763
46105.82056
46171.54631
46235.22247
46314.40897
46400.96522
46400.96522
46476.45762
46546.01676
46603.52987
46663.64531
46733.3982
46797.96437
46850.92772
46909.98283
46971.72564
47034.3806
47097.52186
47154.57794
47214.8281
47271.98295
47335.34581
47392.67384
47450.83948
47509.55753
47570.5544
47627.57723
47686.44772
47748.46772
47809.60635
47869.93333
47932.98707
47989.8791
48055.72165
48113.15027
48170.2644
48265.899